100
3 11000000 26000000 6000000
3 1 11 10
3 35078373 35078373 82802612
3 91792392 7011147 7011147
2 44024071 97461320
2 74478692 21543874
2 2202283 74152589
2 93077247 44345695
3 48281549 99153332 99153332
3 24605152 57613700 57613700
3 13497543 4412042 13497543
3 79774129 79774129 10220584
2 30343855 28457237
3 29462597 29462597 18104972
3 35417841 48054750 35417841
2 16208201 17194191
2 45301663 45052210
2 32801751 20677345
3 4497032 4497032 5762085
2 48251906 41200165
2 16594036 8790832
3 17324782 33328993 17324782
2 44205844 88411688
2 87353900 21838475
2 91545866 45772933
2 86804478 28934826
2 86652018 28884006
3 45284350 45284350 90568700
3 83969146 83969146 41984573
2 77681364 19420341
2 46636442 93272884
3 82569740 16513948 82569740
3 59480704 66915792 59480704
2 79831920 59873940
3 93692640 99938816 93692640
3 13692136 13692136 20538204
2 71291484 59409570
3 41111202 44848584 41111202
3 47784618 63712824 63712824
3 47913624 31942416 47913624
3 15731590 15731590 14158431
2 22019263 44038526
3 7056 4110 4111
3 52394 7765 52395
3 7765 307944 8789
3 64217920 50636800 29164320
3 57798420 71225160 75904440
3 705542 385971 3740721
3 7945980 65094573 12557609
3 948020 303380 701027
3 10376573 15384816 7316493
3 4652870 72389214 27263126
3 34141110 9858474 38109684
3 7522126 3918760 3189031
3 2555913 38487513 26035113
3 30686904 38443707 10501461
3 540624 1447674 2091624
3 70765690 95465505 9854905
3 10077684 19957448 3331148
3 74535429 5414144 775322
3 57854715 42999823 1727540
3 38784419 64744263 51078831
3 19656897 15166996 4147949
3 4540164 18873854 42681712
3 293848 1119618 398238
3 75149275 14934379 43335339
3 1149288 2750088 6826125
3 5251558 4037932 12379783
3 16233876 5933906 8991786
3 5911828 45972948 2638888
3 32786980 17816380 3628780
3 51530814 16413387 29381916
3 44205568 55920128 59761152
3 40891919 352875 15130291
3 5445583 2197723 5442391
3 68640701 53479301 1046126
3 12107485 2046457 16386957
3 13058534 78718198 73780006
3 39874454 12558368 24874073
3 50955422 18446127 71778567
3 80466589 40056868 61270390
3 37276174 20490238 4193902
3 17539907 6751577 3447797
3 59156533 46966090 21728298
3 8569903 23669577 16388219
3 11711358 45823358 52021246
3 35694653 11848355 23342366
3 47062047 8022632 38874735
3 24453300 4271760 50858160
3 1597518 36962256 14341122
3 6061708 9792677 17629638
3 13553537 24899969 43094417
3 1735814 12313343 57823733
3 33052604 63492325 82228965
3 31153554 55095786 3553290
3 26579432 80996982 52663996
3 46907460 27841545 96917100
3 4841034 2282634 4052850
3 10451300 66940772 20501860
3 54057574 12414106 43400054
