Case #1: 
0.5
0.5
0.5
Case #2: 
0.6458333333333333
0.3680555555555555
0.6041666666666666
0.3958333333333333
Case #3: 
0.5147569444444444
0.532986111111111
0.3897569444444444
0.4722222222222222
0.611111111111111
Case #4: 
0.625
0.375
0.5
Case #5: 
0.625
0.5972222222222222
0.5694444444444444
0.5416666666666666
0.5138888888888888
0.4861111111111111
0.4583333333333333
0.4305555555555556
0.4027777777777778
0.375
Case #6: 
0.49999999999999994
0.5
0.5
0.49999999999999994
0.49999999999999994
0.49999999999999994
0.5
0.5
0.49999999999999994
Case #7: 
0.5140997023809524
0.3474330357142857
0.5766369047619047
0.6015625
0.5739955357142857
0.49144345238095233
0.5129464285714286
0.5546130952380952
0.3930059523809524
Case #8: 
0.40487882653061213
0.5602262259070294
0.5830534297052155
0.4235129170715905
0.5025662050534498
0.5270231009070294
0.49298292233560087
0.4977262259070295
0.4957731009070294
Case #9: 
0.625
0.375
0.5
Case #10: 
0.5
0.5
0.5
0.5
0.5
Case #11: 
0.375
0.5
0.625
Case #12: 
0.45312499999999994
0.4965277777777778
0.7586805555555555
0.26041666666666663
0.704861111111111
0.390625
0.5405092592592592
0.515625
0.36979166666666663
Case #13: 
0.3958333333333333
0.4489583333333333
0.3680555555555555
0.6041666666666666
0.5309895833333333
0.4747916666666666
0.5427083333333333
0.4822916666666666
0.5309895833333333
0.6458333333333333
Case #14: 
0.5225228781988986
0.44276097343699383
0.34804421768707483
0.6380350056689342
0.5620677437641723
0.5519527453838678
0.502965055069647
0.5298823696145125
0.43726615646258504
0.44047720278587627
Case #15: 
0.525
0.575
0.375
0.425
0.575
0.525
Case #16: 
0.2986111111111111
0.5013888888888889
0.4837301587301587
0.39490740740740743
0.5277777777777777
0.5611111111111111
0.7093749999999999
0.425
Case #17: 
0.06944444444444445
0.5234375
0.2743055555555555
0.5277777777777778
0.6041666666666666
0.3489583333333333
0.36979166666666663
0.8541666666666666
0.8263888888888888
0.5138888888888888
Case #18: 
0.6515625
0.38125
0.39375
0.4125
0.5458333333333333
0.6
Case #19: 
0.5972222222222222
0.4027777777777778
0.625
0.375
0.4861111111111111
0.4583333333333333
0.5694444444444444
0.5138888888888888
0.4305555555555556
0.5416666666666666
Case #20: 
0.0
0.1875
0.25
0.5
0.75
0.8125
1.0
